ID	Chrom	Location	Mom Count	Dad Count	From Mom	From Dad	Unphased
1-04190	chr19	31894896	0	3	0	1	0
1-04190	chr19	5868763	0	1	0	1	0
1-04190	chr18	77897840	0	12	0	1	0
1-04190	chr18	40469564	5	0	1	0	0
1-04190	chr5	35567904	0	0	0	0	1
1-04190	chr5	92696737	0	14	0	1	0
1-04190	chr5	126394212	0	14	0	1	0
1-04190	chr5	116871125	13	1	1	0	0
1-04190	chr5	63766697	0	0	0	0	1
1-04190	chr5	146630553	0	14	0	1	0
1-04190	chr5	68756143	0	1	0	1	0
1-04190	chr16	21166560	0	0	0	0	1
1-04190	chr16	52733333	0	14	0	1	0
1-04190	chr16	89061317	0	14	0	1	0
1-04190	chr10	47303161	0	14	0	1	0
1-04190	chr10	124557082	0	14	0	1	0
1-04190	chr10	65715523	0	0	0	0	1
1-04190	chr11	71275186	0	0	0	0	1
1-04190	chr11	120361362	0	14	0	1	0
1-04190	chr11	17682943	0	2	0	1	0
1-04190	chr3	110379981	0	0	0	0	1
1-04190	chr3	165373469	0	0	0	0	1
1-04190	chr9	107216418	0	13	0	1	0
1-04190	chr7	14451394	7	7	0	0	1
1-04190	chr7	115644284	0	14	0	1	0
1-04190	chr7	87205522	0	11	0	1	0
1-04190	chr7	136226238	0	1	0	1	0
1-04190	chr12	59810323	0	1	0	1	0
1-04190	chr12	62637129	0	14	0	1	0
1-04190	chr12	81437467	0	14	0	1	0
1-04190	chr15	43108611	4	0	1	0	0
1-04190	chr4	33140864	0	1	0	1	0
1-04190	chr4	186258817	0	12	0	1	0
1-04190	chr4	85338419	0	5	0	1	0
1-04190	chr4	86330549	0	14	0	1	0
1-04190	chr4	32390727	0	0	0	0	1
1-04190	chr4	32325711	0	14	0	1	0
1-04190	chr4	119836547	1	13	0	1	0
1-04190	chr4	11679221	0	10	0	1	0
1-04190	chr17	16019003	0	0	0	0	1
1-04190	chr6	68429028	0	14	0	1	0
1-04190	chr2	78145520	0	10	0	1	0
1-04190	chr2	142415544	0	14	0	1	0
1-04190	chr2	208133426	0	7	0	1	0
1-04190	chr2	32158275	0	0	0	0	1
1-04190	chr2	224525096	0	14	0	1	0
1-04190	chr2	48534283	1	13	0	1	0
1-04190	chr2	176614622	0	0	0	0	1
1-04190	chr13	23829978	0	12	0	1	0
1-04190	chr13	105394533	0	0	0	0	1
1-04190	chr13	105495986	12	1	1	0	0
1-04190	chr8	118436049	14	0	1	0	0
1-04190	chr8	68171148	0	11	0	1	0
1-04190	chr8	143537862	0	14	0	1	0
1-04190	chr1	167211208	0	9	0	1	0
1-04190	chr1	93103329	14	0	1	0	0
1-04190	chr21	36949808	0	0	0	0	1
1-04190	chr21	15979220	0	13	0	1	0
