ID	Chrom	Location	Mom Count	Dad Count	From Mom	From Dad	Unphased
1-05443	chr1	112037632	14	0	1	0	0
1-05443	chr1	16173281	14	0	1	0	0
1-05443	chr1	22322356	0	14	0	1	0
1-05443	chr1	74525477	14	0	1	0	0
1-05443	chr1	80224550	0	2	0	1	0
1-05443	chr1	19129657	12	0	1	0	0
1-05443	chr1	45448493	0	14	0	1	0
1-05443	chr5	119616632	1	1	0	0	1
1-05443	chr5	85477207	1	0	1	0	0
1-05443	chr5	115153243	0	10	0	1	0
1-05443	chr5	100909791	0	6	0	1	0
1-05443	chr15	76350434	0	14	0	1	0
1-05443	chr8	40545722	14	0	1	0	0
1-05443	chr8	87403562	14	0	1	0	0
1-05443	chr8	17715223	14	0	1	0	0
1-05443	chr19	46587091	0	14	0	1	0
1-05443	chr16	24021958	0	0	0	0	1
1-05443	chr7	140919448	0	2	0	1	0
1-05443	chr7	146922826	0	11	0	1	0
1-05443	chr7	95924933	12	0	1	0	0
1-05443	chr12	23636033	0	14	0	1	0
1-05443	chr14	42804104	0	14	0	1	0
1-05443	chr14	33630217	0	9	0	1	0
1-05443	chr14	31578834	0	1	0	1	0
1-05443	chr14	84354624	14	0	1	0	0
1-05443	chr18	54786559	4	0	1	0	0
1-05443	chr17	16000091	2	1	0	0	1
1-05443	chr17	18374428	13	1	1	0	0
1-05443	chr4	71106803	0	4	0	1	0
1-05443	chr9	137500992	0	5	0	1	0
1-05443	chr9	81187462	0	14	0	1	0
1-05443	chr11	31597156	0	13	0	1	0
1-05443	chr11	37660836	0	14	0	1	0
1-05443	chr11	7837863	0	12	0	1	0
1-05443	chr6	127807073	0	14	0	1	0
1-05443	chr6	151146244	0	14	0	1	0
1-05443	chr6	25575039	0	0	0	0	1
1-05443	chr6	164521209	0	14	0	1	0
1-05443	chr6	10860090	0	14	0	1	0
1-05443	chr6	18021195	0	14	0	1	0
1-05443	chr6	4615215	0	2	0	1	0
1-05443	chr10	43807970	2	0	1	0	0
1-05443	chr10	33430899	0	14	0	1	0
1-05443	chr10	13112485	0	14	0	1	0
1-05443	chr20	214997	0	0	0	0	1
1-05443	chr20	53502877	14	0	1	0	0
1-05443	chr2	212307801	0	0	0	0	1
1-05443	chr2	183714995	3	0	1	0	0
1-05443	chr2	6696127	0	14	0	1	0
1-05443	chr2	103643607	14	0	1	0	0
1-05443	chr3	17952354	0	14	0	1	0
1-05443	chr3	71772986	0	14	0	1	0
1-05443	chr3	188617902	7	0	1	0	0
