ID	Chrom	Location	Mom Count	Dad Count	From Mom	From Dad	Unphased
1-00801	chr15	31444339	0	2	0	1	0
1-00801	chr8	28743537	0	14	0	1	0
1-00801	chr8	110371875	0	5	0	1	0
1-00801	chr8	105687021	0	14	0	1	0
1-00801	chr8	106717486	0	0	0	0	1
1-00801	chr13	38489600	14	0	1	0	0
1-00801	chr13	54781512	0	14	0	1	0
1-00801	chr13	85003443	0	14	0	1	0
1-00801	chr13	97256709	0	0	0	0	1
1-00801	chr13	34084254	0	14	0	1	0
1-00801	chr11	1790440	0	13	0	1	0
1-00801	chr11	87938944	0	14	0	1	0
1-00801	chr11	55526634	0	14	0	1	0
1-00801	chr11	64359675	0	14	0	1	0
1-00801	chr11	64018630	0	13	0	1	0
1-00801	chr10	64696050	0	14	0	1	0
1-00801	chr10	127397524	0	14	0	1	0
1-00801	chr10	30347781	14	0	1	0	0
1-00801	chr10	99905926	9	0	1	0	0
1-00801	chr10	106810026	0	3	0	1	0
1-00801	chr10	54506038	0	14	0	1	0
1-00801	chr6	133903448	0	11	0	1	0
1-00801	chr6	44879226	0	14	0	1	0
1-00801	chr6	125561284	0	14	0	1	0
1-00801	chr6	149533597	0	14	0	1	0
1-00801	chr16	76205665	14	0	1	0	0
1-00801	chr16	2391698	0	0	0	0	1
1-00801	chr16	51748211	0	14	0	1	0
1-00801	chr16	9021367	0	0	0	0	1
1-00801	chr16	578008	13	0	1	0	0
1-00801	chr16	65339	0	14	0	1	0
1-00801	chr16	65303395	1	1	0	0	1
1-00801	chr16	49361884	0	14	0	1	0
1-00801	chr16	82975821	0	5	0	1	0
1-00801	chr16	392302	14	0	1	0	0
1-00801	chr20	62466289	0	9	0	1	0
1-00801	chr20	39588834	0	0	0	0	1
1-00801	chr20	48884995	0	2	0	1	0
1-00801	chr1	91888322	0	14	0	1	0
1-00801	chr1	229130163	0	14	0	1	0
1-00801	chr1	175878381	0	2	0	1	0
1-00801	chr1	180412654	0	0	0	0	1
1-00801	chr1	177305831	0	1	0	1	0
1-00801	chr17	78603256	1	0	1	0	0
1-00801	chr17	21241969	0	14	0	1	0
1-00801	chr17	7245740	0	2	0	1	0
1-00801	chr17	54589885	0	14	0	1	0
1-00801	chr17	82081417	14	0	1	0	0
1-00801	chr12	75272545	0	0	0	0	1
1-00801	chr12	56129471	0	5	0	1	0
1-00801	chr2	121903540	0	2	0	1	0
1-00801	chr2	124011236	0	1	0	1	0
1-00801	chr2	158890470	0	0	0	0	1
1-00801	chr2	24405876	0	14	0	1	0
1-00801	chr2	203573661	0	5	0	1	0
1-00801	chr2	171338916	2	7	0	0	1
1-00801	chr2	163483530	0	0	0	0	1
1-00801	chr2	129874778	0	0	0	0	1
1-00801	chr2	74457998	0	0	0	0	1
1-00801	chr2	131121373	4	0	1	0	0
1-00801	chr3	142818800	0	14	0	1	0
1-00801	chr3	26929249	0	14	0	1	0
1-00801	chr3	11800979	0	10	0	1	0
1-00801	chr3	106745863	0	9	0	1	0
1-00801	chr3	69852169	0	9	0	1	0
1-00801	chr3	109056891	0	0	0	0	1
1-00801	chr3	54187503	13	0	1	0	0
1-00801	chr14	75192883	0	0	0	0	1
1-00801	chr14	71270187	0	14	0	1	0
1-00801	chr14	50853075	0	11	0	1	0
1-00801	chr22	33569060	0	14	0	1	0
1-00801	chr7	114810105	0	12	0	1	0
1-00801	chr7	138092931	0	7	0	1	0
1-00801	chr7	2573135	0	3	0	1	0
1-00801	chr4	6233833	0	14	0	1	0
1-00801	chr4	122167765	1	13	0	1	0
1-00801	chr4	36751919	12	0	1	0	0
1-00801	chr19	39386386	0	0	0	0	1
1-00801	chr5	162810241	7	0	1	0	0
1-00801	chr5	20615508	0	14	0	1	0
1-00801	chr5	159939718	0	14	0	1	0
1-00801	chr5	462792	0	0	0	0	1
1-00801	chr5	72378426	0	0	0	0	1
1-00801	chr5	11646764	0	0	0	0	1
1-00801	chr5	108986506	0	0	0	0	1
