ID	Chrom	Location	Mom Count	Dad Count	From Mom	From Dad	Unphased
1-04537	chr8	38112600	0	0	0	0	1
1-04537	chr8	5431211	14	0	1	0	0
1-04537	chr8	58430972	0	14	0	1	0
1-04537	chr8	117365995	0	8	0	1	0
1-04537	chr5	167224183	7	7	0	0	1
1-04537	chr5	172813279	0	14	0	1	0
1-04537	chr2	145722560	0	0	0	0	1
1-04537	chr2	100820497	1	13	0	1	0
1-04537	chr2	83548914	0	11	0	1	0
1-04537	chr2	149553675	0	0	0	0	1
1-04537	chr2	171890848	0	11	0	1	0
1-04537	chr13	44111968	0	0	0	0	1
1-04537	chr13	33836769	14	0	1	0	0
1-04537	chr13	60798390	0	14	0	1	0
1-04537	chr13	60929274	14	0	1	0	0
1-04537	chr13	24135963	14	0	1	0	0
1-04537	chr13	69963727	0	0	0	0	1
1-04537	chr16	27082787	14	0	1	0	0
1-04537	chr16	13893772	0	14	0	1	0
1-04537	chr16	73098205	14	0	1	0	0
1-04537	chr16	74949319	0	14	0	1	0
1-04537	chr1	119633232	1	13	0	1	0
1-04537	chr1	210149325	14	0	1	0	0
1-04537	chr1	4257750	0	14	0	1	0
1-04537	chr11	95026363	0	14	0	1	0
1-04537	chr11	81660374	14	0	1	0	0
1-04537	chr11	113037319	0	14	0	1	0
1-04537	chr11	97001243	0	14	0	1	0
1-04537	chr11	115938396	0	7	0	1	0
1-04537	chr11	108217181	0	10	0	1	0
1-04537	chr4	151477489	0	14	0	1	0
1-04537	chr4	151472915	0	14	0	1	0
1-04537	chr4	178220564	1	0	1	0	0
1-04537	chr4	35807798	14	0	1	0	0
1-04537	chr4	147445064	0	14	0	1	0
1-04537	chr4	173485692	14	0	1	0	0
1-04537	chr15	87325288	0	0	0	0	1
1-04537	chr15	59198122	0	8	0	1	0
1-04537	chr19	18376145	0	0	0	0	1
1-04537	chr18	45841841	0	14	0	1	0
1-04537	chr18	11451070	13	1	1	0	0
1-04537	chr6	102941041	0	14	0	1	0
1-04537	chr6	69118135	0	0	0	0	1
1-04537	chr6	79271752	0	0	0	0	1
1-04537	chr6	159217129	0	0	0	0	1
1-04537	chr6	1112698	0	14	0	1	0
1-04537	chr6	169457788	0	14	0	1	0
1-04537	chr6	89736909	0	14	0	1	0
1-04537	chr6	67281935	0	14	0	1	0
1-04537	chr7	153526144	0	0	0	0	1
1-04537	chr7	46367506	1	0	1	0	0
1-04537	chr3	66307643	0	4	0	1	0
1-04537	chr3	84292436	0	14	0	1	0
1-04537	chr3	76762629	0	12	0	1	0
1-04537	chr3	198083709	0	0	0	0	1
1-04537	chr17	66674563	0	14	0	1	0
1-04537	chr17	14601780	0	14	0	1	0
1-04537	chr14	30810911	0	10	0	1	0
1-04537	chr10	31811760	0	14	0	1	0
1-04537	chr10	9576302	0	1	0	1	0
1-04537	chr10	110951198	0	14	0	1	0
1-04537	chr10	114266063	0	10	0	1	0
1-04537	chr12	64345171	14	0	1	0	0
1-04537	chr12	91844044	8	0	1	0	0
