ID	Chrom	Location	Mom Count	Dad Count	From Mom	From Dad	Unphased
1-04389	chr14	96081156	14	0	1	0	0
1-04389	chr2	225787976	0	0	0	0	1
1-04389	chr2	162856379	14	0	1	0	0
1-04389	chr2	194167717	9	0	1	0	0
1-04389	chr2	150256206	0	14	0	1	0
1-04389	chr1	1989316	0	14	0	1	0
1-04389	chr1	1425190	1	0	1	0	0
1-04389	chr1	165425351	0	14	0	1	0
1-04389	chr1	52583433	0	8	0	1	0
1-04389	chr1	200454255	0	14	0	1	0
1-04389	chr1	208475858	0	5	0	1	0
1-04389	chr1	78605912	0	14	0	1	0
1-04389	chr1	112902884	1	0	1	0	0
1-04389	chr1	89812922	0	14	0	1	0
1-04389	chr1	98129819	0	6	0	1	0
1-04389	chr1	116286429	0	6	0	1	0
1-04389	chr1	74450207	0	10	0	1	0
1-04389	chr16	27293790	0	8	0	1	0
1-04389	chr10	15602984	0	8	0	1	0
1-04389	chr10	33255553	0	14	0	1	0
1-04389	chr10	14845426	0	0	0	0	1
1-04389	chr10	108699999	0	10	0	1	0
1-04389	chr11	68749449	0	7	0	1	0
1-04389	chr11	92919851	0	14	0	1	0
1-04389	chr11	98064644	0	0	0	0	1
1-04389	chr3	82448401	0	14	0	1	0
1-04389	chr3	26975787	0	14	0	1	0
1-04389	chr3	187718531	0	0	0	0	1
1-04389	chr9	75177545	0	14	0	1	0
1-04389	chr9	90539052	0	0	0	0	1
1-04389	chr9	75334999	14	0	1	0	0
1-04389	chr7	54354948	0	14	0	1	0
1-04389	chr12	19935721	0	14	0	1	0
1-04389	chr12	75364098	14	0	1	0	0
1-04389	chr12	50171621	0	0	0	0	1
1-04389	chr12	59670417	0	14	0	1	0
1-04389	chr5	123652808	0	14	0	1	0
1-04389	chr5	118453497	14	0	1	0	0
1-04389	chr5	56921613	0	0	0	0	1
1-04389	chr22	46349737	0	0	0	0	1
1-04389	chr22	34648435	0	14	0	1	0
1-04389	chr19	9766824	0	0	0	0	1
1-04389	chr19	18356993	13	0	1	0	0
1-04389	chr19	7850835	0	0	0	0	1
1-04389	chr17	1097929	0	10	0	1	0
1-04389	chr17	15040788	0	14	0	1	0
1-04389	chr17	18978669	0	8	0	1	0
1-04389	chr6	17802274	0	14	0	1	0
1-04389	chr15	55708027	14	0	1	0	0
1-04389	chr20	32673172	0	1	0	1	0
1-04389	chr20	37412381	0	0	0	0	1
1-04389	chr20	24815951	14	0	1	0	0
1-04389	chr4	12878480	1	12	0	1	0
1-04389	chr4	21921538	0	14	0	1	0
1-04389	chr4	80092084	0	5	0	1	0
1-04389	chr4	54185125	13	0	1	0	0
1-04389	chr4	72227594	0	1	0	1	0
1-04389	chr4	91653898	0	14	0	1	0
1-04389	chr4	40103406	0	2	0	1	0
1-04389	chr13	75703097	0	14	0	1	0
1-04389	chr13	63468666	0	14	0	1	0
1-04389	chr13	78378010	0	14	0	1	0
1-04389	chr13	32840814	0	9	0	1	0
1-04389	chr13	114287585	0	14	0	1	0
1-04389	chr8	83648233	0	14	0	1	0
1-04389	chr8	123511087	0	0	0	0	1
1-04389	chr21	23793546	14	0	1	0	0
1-04389	chr21	19763046	14	0	1	0	0
