ID	Chrom	Location	Mom Count	Dad Count	From Mom	From Dad	Unphased
1-04460	chr5	90642947	0	14	0	1	0
1-04460	chr5	78486021	0	0	0	0	1
1-04460	chr5	59140819	0	14	0	1	0
1-04460	chr5	45139642	0	4	0	1	0
1-04460	chr5	50930973	13	0	1	0	0
1-04460	chr5	33785093	0	14	0	1	0
1-04460	chr2	121289575	0	9	0	1	0
1-04460	chr2	67551844	0	0	0	0	1
1-04460	chr2	167582287	0	0	0	0	1
1-04460	chr20	18991785	0	7	0	1	0
1-04460	chr20	41245201	0	1	0	1	0
1-04460	chr20	51213343	0	14	0	1	0
1-04460	chr21	37560777	1	0	1	0	0
1-04460	chr21	35234414	0	0	0	0	1
1-04460	chr13	101259632	14	0	1	0	0
1-04460	chr13	22828677	0	1	0	1	0
1-04460	chr13	49340751	0	10	0	1	0
1-04460	chr16	19614513	14	0	1	0	0
1-04460	chr16	58559611	0	0	0	0	1
1-04460	chr16	17445847	0	14	0	1	0
1-04460	chr16	87055193	14	0	1	0	0
1-04460	chr16	77718585	0	14	0	1	0
1-04460	chr1	158583089	0	14	0	1	0
1-04460	chr1	15187933	0	8	0	1	0
1-04460	chr1	91257085	0	14	0	1	0
1-04460	chr1	229404725	1	2	0	0	1
1-04460	chr1	185761322	0	0	0	0	1
1-04460	chr1	173509243	0	9	0	1	0
1-04460	chr1	198882925	0	14	0	1	0
1-04460	chr1	242060013	1	12	0	1	0
1-04460	chr11	111944928	0	14	0	1	0
1-04460	chr11	98592833	0	0	0	0	1
1-04460	chr11	109846354	0	0	0	0	1
1-04460	chr11	88021653	0	14	0	1	0
1-04460	chr11	62672999	0	14	0	1	0
1-04460	chr11	119777580	14	0	1	0	0
1-04460	chr11	28070858	0	14	0	1	0
1-04460	chr11	130589916	0	0	0	0	1
1-04460	chr11	76257229	0	14	0	1	0
1-04460	chr11	66012765	0	0	0	0	1
1-04460	chr4	138360928	0	1	0	1	0
1-04460	chr4	3448130	0	10	0	1	0
1-04460	chr4	116291222	0	7	0	1	0
1-04460	chr4	4484184	4	0	1	0	0
1-04460	chr4	64479340	0	14	0	1	0
1-04460	chr4	116274827	0	1	0	1	0
1-04460	chr4	17982412	0	1	0	1	0
1-04460	chr4	5408639	0	14	0	1	0
1-04460	chr18	73129758	0	14	0	1	0
1-04460	chr18	78156102	0	14	0	1	0
1-04460	chr8	87095697	0	0	0	0	1
1-04460	chr8	87680370	14	0	1	0	0
1-04460	chr8	11966708	4	10	0	0	1
1-04460	chr8	67405153	0	1	0	1	0
1-04460	chr8	14755447	1	13	0	1	0
1-04460	chr8	861412	13	0	1	0	0
1-04460	chr8	137090507	0	14	0	1	0
1-04460	chr8	145032692	0	0	0	0	1
1-04460	chr8	118027758	0	8	0	1	0
1-04460	chr6	4843161	0	0	0	0	1
1-04460	chr6	51289356	0	14	0	1	0
1-04460	chr6	48936221	0	10	0	1	0
1-04460	chr6	141223900	0	7	0	1	0
1-04460	chr6	168000753	0	6	0	1	0
1-04460	chr9	7846864	0	14	0	1	0
1-04460	chr9	120049922	14	0	1	0	0
1-04460	chr9	129757156	0	14	0	1	0
1-04460	chr9	37295065	0	14	0	1	0
1-04460	chr9	30012634	14	0	1	0	0
1-04460	chr9	24996238	14	0	1	0	0
1-04460	chr7	113325040	0	14	0	1	0
1-04460	chr7	66115091	14	0	1	0	0
1-04460	chr7	110128228	0	0	0	0	1
1-04460	chr7	151179955	14	0	1	0	0
1-04460	chr7	110994103	0	4	0	1	0
1-04460	chr7	140275625	0	9	0	1	0
1-04460	chr7	77360783	0	0	0	0	1
1-04460	chr3	72442960	0	6	0	1	0
1-04460	chr3	115303363	0	3	0	1	0
1-04460	chr3	163027861	0	14	0	1	0
1-04460	chr3	17937927	0	14	0	1	0
1-04460	chr3	189479768	0	14	0	1	0
1-04460	chr3	102122859	0	14	0	1	0
1-04460	chr3	193515532	0	0	0	0	1
1-04460	chr3	158341405	0	14	0	1	0
1-04460	chr3	62657918	14	0	1	0	0
1-04460	chr3	143969055	0	14	0	1	0
1-04460	chr17	8842738	0	0	0	0	1
1-04460	chr17	18124196	0	10	0	1	0
1-04460	chr17	63215261	0	14	0	1	0
1-04460	chr14	39930328	0	14	0	1	0
1-04460	chr14	49815098	0	14	0	1	0
1-04460	chr14	43607934	0	4	0	1	0
1-04460	chr14	22265687	2	0	1	0	0
1-04460	chr10	57372457	0	0	0	0	1
1-04460	chr10	15845987	0	0	0	0	1
1-04460	chr10	69137662	0	13	0	1	0
1-04460	chr10	79012262	0	14	0	1	0
1-04460	chr12	94063056	0	14	0	1	0
1-04460	chr12	3479809	1	0	1	0	0
1-04460	chr12	83613778	0	3	0	1	0
1-04460	chr12	111414715	0	0	0	0	1
1-04460	chr12	99240189	0	14	0	1	0
1-04460	chr12	117042913	0	13	0	1	0
1-04460	chr12	110044810	14	0	1	0	0
1-04460	chr12	78240497	0	12	0	1	0
1-04460	chr12	108556930	0	14	0	1	0
1-04460	chr12	70715933	0	1	0	1	0
