ID	Chrom	Location	Mom Count	Dad Count	From Mom	From Dad	Unphased
1-05673	chr2	60995728	0	0	0	0	1
1-05673	chr2	96480272	0	13	0	1	0
1-05673	chr2	120329434	0	14	0	1	0
1-05673	chr2	119502886	14	0	1	0	0
1-05673	chr2	153890343	0	1	0	1	0
1-05673	chr2	116784600	0	14	0	1	0
1-05673	chr2	149230490	0	14	0	1	0
1-05673	chr2	8284783	0	14	0	1	0
1-05673	chr2	2168874	0	11	0	1	0
1-05673	chr2	4296269	1	0	1	0	0
1-05673	chr2	108190143	3	0	1	0	0
1-05673	chr13	49084613	0	4	0	1	0
1-05673	chr13	45432607	0	14	0	1	0
1-05673	chr1	27642928	0	0	0	0	1
1-05673	chr1	64937650	0	0	0	0	1
1-05673	chr1	6763845	0	0	0	0	1
1-05673	chr1	228096039	0	6	0	1	0
1-05673	chr1	77249112	0	14	0	1	0
1-05673	chr1	36096347	0	1	0	1	0
1-05673	chr1	73249148	0	2	0	1	0
1-05673	chr5	108346018	1	0	1	0	0
1-05673	chr5	116608891	0	0	0	0	1
1-05673	chr5	105590187	0	11	0	1	0
1-05673	chr5	3687422	0	2	0	1	0
1-05673	chr5	8974005	0	7	0	1	0
1-05673	chr15	91036292	4	4	0	0	1
1-05673	chr15	51488582	0	14	0	1	0
1-05673	chr15	27288745	3	0	1	0	0
1-05673	chr15	72942649	1	13	0	1	0
1-05673	chr15	84755946	4	0	1	0	0
1-05673	chr15	50500103	0	11	0	1	0
1-05673	chr15	90123116	0	0	0	0	1
1-05673	chr8	32843921	0	1	0	1	0
1-05673	chr8	13772201	13	0	1	0	0
1-05673	chr8	58544082	0	1	0	1	0
1-05673	chr8	129001781	0	14	0	1	0
1-05673	chr8	97446791	0	2	0	1	0
1-05673	chr19	705000	0	14	0	1	0
1-05673	chr19	28344466	0	14	0	1	0
1-05673	chr7	149121838	3	1	0	0	1
1-05673	chr7	121293367	0	14	0	1	0
1-05673	chr12	92396547	0	1	0	1	0
1-05673	chr12	60668085	0	6	0	1	0
1-05673	chr12	58544271	0	10	0	1	0
1-05673	chr12	84679820	0	14	0	1	0
1-05673	chr12	99197875	0	1	0	1	0
1-05673	chr12	102526303	0	9	0	1	0
1-05673	chr14	39728528	14	0	1	0	0
1-05673	chr14	64448337	0	0	0	0	1
1-05673	chr17	65931272	14	0	1	0	0
1-05673	chr17	71349312	0	14	0	1	0
1-05673	chr17	71781548	1	0	1	0	0
1-05673	chr17	72829463	0	14	0	1	0
1-05673	chr4	106095666	0	1	0	1	0
1-05673	chr4	14567444	0	0	0	0	1
1-05673	chr9	620473	14	0	1	0	0
1-05673	chr9	80901858	14	0	1	0	0
1-05673	chr9	587971	5	0	1	0	0
1-05673	chr9	120642612	0	0	0	0	1
1-05673	chr11	4772971	0	0	0	0	1
1-05673	chr11	39930341	0	8	0	1	0
1-05673	chr11	58302918	0	6	0	1	0
1-05673	chr21	18543018	14	0	1	0	0
1-05673	chr21	38313099	0	0	0	0	1
1-05673	chr21	32853447	0	0	0	0	1
1-05673	chr6	67208138	0	0	0	0	1
1-05673	chr6	129324803	0	0	0	0	1
1-05673	chr6	43312637	0	7	0	1	0
1-05673	chr6	17143755	0	14	0	1	0
1-05673	chr6	8828031	0	0	0	0	1
1-05673	chr10	86902828	0	14	0	1	0
1-05673	chr20	5498450	0	14	0	1	0
1-05673	chr20	4578373	0	4	0	1	0
1-05673	chr18	52677776	14	0	1	0	0
1-05673	chr18	37968396	0	0	0	0	1
1-05673	chr3	126004816	14	0	1	0	0
1-05673	chr3	19945304	0	14	0	1	0
1-05673	chr3	124817346	0	14	0	1	0
1-05673	chr3	196992499	0	0	0	0	1
1-05673	chr3	104874532	0	14	0	1	0
1-05673	chr3	29936072	0	7	0	1	0
1-05673	chr3	191387524	1	13	0	1	0
1-05673	chr3	67459610	0	14	0	1	0
1-05673	chr3	49615259	0	14	0	1	0
1-05673	chr3	86575532	0	14	0	1	0
