Mutational_Class	PB_Mom	PB_Percent_Mom	PB_Dad	PB_Percent_Dad	PB_Percent_Phased	PB_Unphased	PB_Percent_Unphased	IL_Mom	IL_Percent_Mom	IL_Dad	IL_Percent_Dad	IL_Percent_Phased	IL_Unphased	IL_Percent_Unphased	CpG	CpG_Island
A_C	2.0	0.014705882352941176	13.0	0.02914798206278027	0.02577319587628866	2.0	0.012578616352201259	1.0	0.016666666666666666	5.0	0.021551724137931036	0.02054794520547945	11.0	0.024498886414253896	0.0	0.0
A_G	15.0	0.11029411764705882	50.0	0.11210762331838565	0.11168384879725086	13.0	0.08176100628930817	4.0	0.06666666666666667	17.0	0.07327586206896551	0.07191780821917808	57.0	0.12694877505567928	0.0	1.0
A_T	7.0	0.051470588235294115	17.0	0.03811659192825112	0.041237113402061855	2.0	0.012578616352201259	4.0	0.06666666666666667	10.0	0.04310344827586207	0.04794520547945205	12.0	0.026726057906458798	0.0	0.0
C_A	5.0	0.03676470588235294	24.0	0.053811659192825115	0.04982817869415808	7.0	0.0440251572327044	1.0	0.016666666666666666	15.0	0.06465517241379311	0.0547945205479452	20.0	0.044543429844097995	18.0	1.0
C_G	11.0	0.08088235294117647	23.0	0.0515695067264574	0.058419243986254296	4.0	0.025157232704402517	4.0	0.06666666666666667	16.0	0.06896551724137931	0.0684931506849315	18.0	0.0400890868596882	9.0	0.0
C_T	27.0	0.19852941176470587	96.0	0.21524663677130046	0.211340206185567	29.0	0.18238993710691823	10.0	0.16666666666666666	52.0	0.22413793103448276	0.21232876712328766	90.0	0.20044543429844097	86.0	5.0
G_A	30.0	0.22058823529411764	99.0	0.2219730941704036	0.22164948453608246	25.0	0.15723270440251572	13.0	0.21666666666666667	43.0	0.1853448275862069	0.1917808219178082	98.0	0.2182628062360802	76.0	3.0
G_C	5.0	0.03676470588235294	15.0	0.033632286995515695	0.03436426116838488	3.0	0.018867924528301886	2.0	0.03333333333333333	6.0	0.02586206896551724	0.0273972602739726	15.0	0.0334075723830735	5.0	0.0
G_T	3.0	0.022058823529411766	25.0	0.05605381165919283	0.048109965635738834	1.0	0.006289308176100629	1.0	0.016666666666666666	11.0	0.04741379310344827	0.0410958904109589	17.0	0.0378619153674833	10.0	0.0
T_A	5.0	0.03676470588235294	8.0	0.017937219730941704	0.022336769759450172	1.0	0.006289308176100629	5.0	0.08333333333333333	5.0	0.021551724137931036	0.03424657534246575	4.0	0.008908685968819599	0.0	0.0
T_C	23.0	0.16911764705882354	51.0	0.11434977578475336	0.12714776632302405	10.0	0.06289308176100629	9.0	0.15	22.0	0.09482758620689655	0.10616438356164383	53.0	0.11804008908685969	0.0	1.0
T_G	3.0	0.022058823529411766	25.0	0.05605381165919283	0.048109965635738834	3.0	0.018867924528301886	1.0	0.016666666666666666	13.0	0.05603448275862069	0.04794520547945205	17.0	0.0378619153674833	0.0	0.0
All	136		446			159		60		232			449		210	11
